.Random.seed <-
c(403L, 10L, -1964833881L, 677813710L, 380918568L, 434630955L, 
1866017609L, -1449037736L, 1133569286L, -1315966751L, 87296115L, 
227484898L, -1667181484L, 1138448727L, 1195538765L, -1988141852L, 
-1660223286L, -1172558539L, 108299151L, 490387606L, -407492544L, 
-147484413L, 1955282209L, -1816662512L, -224510482L, -269176423L, 
-1264714197L, 1372145434L, 1099529692L, 380232671L, 1246987189L, 
-1955078836L, -1434707038L, -691858691L, 2028948471L, 1778390302L, 
-756951080L, 166709563L, -509919527L, -1921330584L, -490212458L, 
1487673105L, 1313124547L, -2123312942L, 165336420L, -1654011737L, 
700825085L, -2045263884L, -590370598L, 49916453L, -1332418753L, 
520635590L, -778700464L, 1671137651L, 1089663889L, -114178624L, 
1294417822L, 209035625L, 18649499L, -888142678L, -20536628L, 
-1935561841L, -1623158843L, -353913988L, -772150318L, 541641549L, 
1396431367L, -1396045330L, 212640968L, -1965855797L, 488570409L, 
282866808L, -1329630810L, -1263742015L, 2081423443L, -1088264446L, 
112857652L, -875280457L, 1956689837L, 730817732L, -17012502L, 
-607555755L, 1368940783L, 836740854L, -1401867744L, 1935103971L, 
637443201L, -474326288L, 481243534L, 465575673L, -1423471477L, 
-265390918L, 1813376956L, 284617983L, -823205803L, -496651412L, 
789375938L, -1896473571L, 1073036439L, -826418690L, -1653032520L, 
1328100763L, 1787223033L, -244137144L, 1544719990L, -2113927247L, 
723982819L, 614067890L, -1911307516L, 1560354887L, 1178494749L, 
302079380L, 1600250170L, 876092805L, -1642809761L, -1622105882L, 
-560569488L, 1735525523L, -1359814351L, 1624614880L, -2066936706L, 
-1834074359L, 1310056763L, 938902794L, 1663261932L, 1484024175L, 
1512500901L, 181018716L, -1422903246L, -815231187L, 809450983L, 
1924071694L, -2000541976L, 1419585771L, -724522615L, -594437864L, 
-1185543098L, -141781855L, -1089914061L, -1256619358L, 640792980L, 
-94164969L, -1798172659L, 1306678564L, -2055360246L, -2092865419L, 
-1767431217L, -1140796202L, -704166784L, 678525635L, -734264223L, 
715597008L, -556460498L, 2025572313L, 1276684267L, 753294938L, 
-1401931748L, 166274335L, 1643693429L, -1822944244L, 86570466L, 
-1677228355L, 154009911L, 1003881950L, -379200744L, 651383419L, 
165650457L, 711645352L, -1920886186L, 1310557905L, -391477629L, 
-1962631918L, -1984460636L, -1503549337L, -1087288899L, -1880603852L, 
-500823910L, -1254682907L, -2066929537L, 1829888518L, -1445622384L, 
1690390579L, 1561493457L, -1846078080L, 1461385310L, -1532946519L, 
20336219L, 1614844522L, 907091724L, -330999473L, -952327675L, 
-2078854980L, 121289106L, -1801751923L, 1816101063L, -314059346L, 
-720740344L, 147117067L, 1191538921L, 252882872L, -527611802L, 
1594964225L, -1554575469L, 638533698L, -1114470412L, 260133367L, 
-544025107L, 1838618244L, 236071082L, -1829538283L, 912394927L, 
-1916936010L, 896188128L, 1681416739L, 1963412801L, -183152592L, 
-2005145010L, -1683616071L, 548747979L, -1582032006L, 797796988L, 
-2103656769L, -2133121131L, 1736490924L, 346684802L, 1284817757L, 
2126728791L, -877195970L, 1906916728L, -1171004782L, -494459552L, 
1506762060L, -1412140064L, 2101317538L, 1513439144L, 1414375308L, 
865995452L, 62899058L, -154793744L, -51489724L, -1044466344L, 
643305530L, 311399280L, -473217988L, 729361172L, 1330673090L, 
-312857376L, -1319280772L, 686139088L, 1976007330L, 998683688L, 
-173514484L, 282975164L, -1465357006L, -356915264L, 57927220L, 
-1222577208L, 2140400826L, 1840570256L, -900259348L, 556401748L, 
510892690L, -2137887968L, -1397012020L, -1236474912L, -371577150L, 
1853105704L, -270041428L, -153899332L, 1903907314L, 1572843824L, 
507181220L, 720771768L, 138143578L, 1659837840L, -1071534724L, 
-579278572L, -2124606142L, -1803259136L, -947911748L, -221195440L, 
1018989858L, 1707407688L, 900099084L, -249740196L, 1517331666L, 
2075972608L, -281405612L, 663173608L, -164813830L, 423502544L, 
-664285908L, -1679923980L, 212206482L, 449475680L, 627550476L, 
1187717856L, 673246562L, -1792031064L, -920560052L, 1906385788L, 
1221332786L, 1984686704L, 1293394244L, 1299814360L, 715609210L, 
-465728976L, -154306884L, 1861515092L, 1492280898L, -633587808L, 
-1258920772L, -1338138160L, 13095266L, 1057492968L, 1723044812L, 
-1650071812L, -1422433294L, 1880566912L, 849692916L, -87900024L, 
-1228381894L, 398084944L, 821067884L, 230079636L, 2066400594L, 
1467640544L, -239014708L, -1756965728L, 441415042L, 363693288L, 
1762698476L, 1651988540L, 1389055090L, -2051490704L, -1305423324L, 
-2061842888L, 683500058L, -533033776L, 1255435836L, -2070120300L, 
-1576696702L, 1785717696L, -1430394564L, -1185599856L, -399879134L, 
-938418168L, -1971764084L, 2091007004L, 834281618L, -2134729600L, 
1738615828L, -1403660504L, 336592954L, -1988577072L, -1472057236L, 
1132152500L, 894438418L, -1708211232L, -791915572L, -1187038752L, 
-327202782L, 828460328L, -709988084L, 1881616956L, -1711961870L, 
1831636208L, 966655812L, 3595352L, -2039894470L, -1814169360L, 
-1243945284L, 392339988L, -311667518L, 1259248224L, -1561734788L, 
-404869936L, -2050707422L, -901950296L, -1876864628L, -917380676L, 
1506544690L, -972140736L, -1196545356L, -1618023096L, 1544697530L, 
2097486608L, 788662508L, 1968925780L, 528057106L, -183849568L, 
-606292020L, -905114784L, 962792642L, -69541336L, -1465074260L, 
-1354792132L, -1305235598L, 800390960L, -1425875932L, 731263544L, 
-791722278L, 843146128L, -1206619908L, 1859266964L, -999687358L, 
-2115169792L, -177605572L, -217134512L, 1081554082L, 849012552L, 
1049781772L, 1835751132L, 87941202L, -1166937984L, 1631490900L, 
1925592040L, -122539270L, 1855557456L, 1734996012L, 1790800244L, 
1587243666L, 738562656L, -324051828L, -1742451360L, 632905954L, 
-1150388056L, -1748933940L, -1765063172L, -1709525070L, -223285264L, 
-633815612L, -1258493608L, -838390406L, -539943504L, 663804348L, 
1591011924L, 1053511106L, 456059680L, 1458277308L, -1900432304L, 
283981794L, 331127656L, -345594036L, 1791982332L, 827716338L, 
1004048640L, 661632116L, 460208648L, -1313414726L, -793830960L, 
1556026348L, -2021984364L, 631252178L, 2000007264L, 773118284L, 
1356936169L, -587387301L, -2059398996L, -1193937222L, -1251974033L, 
2006147577L, -770591602L, 1969814876L, -863130163L, -1643548361L, 
352091072L, -1971686242L, -1820550805L, 90915053L, 777689434L, 
1548870168L, -1867358335L, -1559335629L, 1794540372L, 2126247266L, 
-340474377L, 928599617L, 98241222L, 1304026116L, 345398197L, 
-43158369L, -1368424200L, -293529386L, -1943236253L, 975953189L, 
1400031938L, 751134640L, -204293159L, -649005749L, 352105404L, 
-1951015958L, 816249887L, 106642089L, 407023166L, -1177279700L, 
-1866510979L, 1363747783L, -1093438800L, 1859514574L, -552343045L, 
445409885L, 899696010L, -1494753880L, 280191761L, -1947545085L, 
1951376644L, -2128125646L, -2038501497L, 760331729L, -1808634026L, 
-821932748L, -1731935163L, 1722952847L, 1981409800L, 78054950L, 
1828396755L, 761106485L, 935305106L, -117711008L, -1627452727L, 
1789640187L, -2092348980L, 353656922L, -1278362289L, -1973668839L, 
368359982L, 904321084L, -1050489427L, 1293725271L, -480141408L, 
1723202814L, -320380981L, -569591347L, 583187706L, 1680084792L, 
-1232913183L, -1841713261L, 1620485044L, -1297561406L, -2000524073L, 
562342177L, -1101405978L, -1747319324L, 2016854293L, 1635768639L, 
-1863613224L, -226546442L, 1045829379L, 319238213L, -1880584094L, 
2046449616L, -689132295L, 1935271467L, 1671516572L, -786861622L, 
-668986689L, 1168991241L, -1927768802L, 55777484L, -376976227L, 
-1836764889L, 586611536L, -185563666L, -1873419621L, -748649219L, 
-361559062L, -1338708856L, 1974284849L, 1988805795L, 1582745764L, 
-1481221806L, 836707495L, -431832847L, 1998321718L, 1800448212L, 
-1155146651L, -1410591121L, -1024722776L, -386718202L, -402340045L, 
-390012011L, 1237456882L, 254522432L, -2143007319L, -419617765L, 
699884012L, -1541842438L, 532790831L, 1291889209L, 915678286L, 
640642204L, 1893522957L, 1155129975L, -1640492416L, 1537190110L, 
692192171L, -1405875027L, 684470554L, 678503896L, 2083651137L, 
